!
! 1.parallel information
         0
         0
         0
!
! 2.mesh information (nodes and elements in partition)
! 2.1 node
        27        27
         1         0.0000         0.0000         0.0000
         2         1.0000         0.0000         0.0000
         3         2.0000         0.0000         0.0000
         4         0.0000         1.0000         0.0000
         5         1.0000         1.0000         0.0000
         6         2.0000         1.0000         0.0000
         7         0.0000         2.0000         0.0000
         8         1.0000         2.0000         0.0000
         9         2.0000         2.0000         0.0000
        10         0.0000         0.0000         1.0000
        11         1.0000         0.0000         1.0000
        12         2.0000         0.0000         1.0000
        13         0.0000         1.0000         1.0000
        14         1.0000         1.0000         1.0000
        15         2.0000         1.0000         1.0000
        16         0.0000         2.0000         1.0000
        17         1.0000         2.0000         1.0000
        18         2.0000         2.0000         1.0000
        19         0.0000         0.0000         2.0000
        20         1.0000         0.0000         2.0000
        21         2.0000         0.0000         2.0000
        22         0.0000         1.0000         2.0000
        23         1.0000         1.0000         2.0000
        24         2.0000         1.0000         2.0000
        25         0.0000         2.0000         2.0000
        26         1.0000         2.0000         2.0000
        27         2.0000         2.0000         2.0000
! 2.2 element (connection)
         8
       331       331       331       331       331       331       331       331
         1         1         2         5         4        10        11        14        13
         2         2         3         6         5        11        12        15        14
         3         4         5         8         7        13        14        17        16
         4         5         6         9         8        14        15        18        17
         5        10        11        14        13        19        20        23        22
         6        11        12        15        14        20        21        24        23
         7        13        14        17        16        22        23        26        25
         8        14        15        18        17        23        24        27        26
!
! 3.import / export information
! 3.1 import
 
!
! 3.2 export
 
!
! boundary condition
! 4. group information
! 4.1 node group
         2
         9        18
ZMIN
         1         2         3         4         5         6         7         8         9
ZMAX
        19        20        21        22        23        24        25        26        27
!
! 4.2 element group
       0
        
!
! 4.3 element-surf. group
! 4.3.1 enumeration type
       0
