!
! 1.parallel information
         0
         0
         0
!
! 2.mesh information (nodes and elements in partition)
! 2.1 node
        24        24
         1         0.0000         0.0000         0.0000
         2         1.0000         0.0000         0.0000
         3         1.0000         1.0000         0.0000
         4         0.0000         1.0000         0.0000
         5         0.0000         0.0000         1.0000
         6         1.0000         0.0000         1.0000
         7         1.0000         1.0000         1.0000
         8         0.0000         1.0000         1.0000
         9         0.0000         0.0000         2.0000
        10         1.0000         0.0000         2.0000
        11         1.0000         1.0000         2.0000
        12         0.0000         1.0000         2.0000
        13         0.0000         0.0000         3.0000
        14         1.0000         0.0000         3.0000
        15         1.0000         1.0000         3.0000
        16         0.0000         1.0000         3.0000
        17         0.0000         0.0000         4.0000
        18         1.0000         0.0000         4.0000
        19         1.0000         1.0000         4.0000
        20         0.0000         1.0000         4.0000
        21         0.0000         0.0000         5.0000
        22         1.0000         0.0000         5.0000
        23         1.0000         1.0000         5.0000
        24         0.0000         1.0000         5.0000
! 2.2 element (connection)
         5
       331       331       331       331       331     
         1         1         2         3         4         5         6         7         8
         2         5         6         7         8         9        10        11        12
         3         9        10        11        12        13        14        15        16
         4        13        14        15        16        17        18        19        20
         5        17        18        19        20        21        22        23        24
!
! 3.import / export information
! 3.1 import
 
! 3.2 export
 
!
! boundary condition
! 4. group information
! 4.1 node group
! 4.1.1 enumeration type
         2
         4         8
bottom
         1         2         3         4
top
        21        22        23        24
!
! 4.2 element group
! 4.2.1 enumeration type
         0
          
!
! 4.3 element-surf. group
! 4.3.1 enumeration type
         2
         1         3
suf6
         5
         6
suf1
         1         1
         1         2


          
